{
 "cells": [
  {
   "cell_type": "code",
   "execution_count": 1,
   "metadata": {
    "collapsed": true
   },
   "outputs": [],
   "source": [
    "import matplotlib.pyplot as plt\n",
    "import numpy as np\n",
    "import pandas as pd\n",
    "import seaborn as sns\n",
    "import utils\n",
    "%matplotlib inline\n",
    "df = utils.wrangle()"
   ]
  },
  {
   "cell_type": "code",
   "execution_count": 2,
   "metadata": {
    "collapsed": false
   },
   "outputs": [
    {
     "data": {
      "text/html": [
       "<div>\n",
       "<table border=\"1\" class=\"dataframe\">\n",
       "  <thead>\n",
       "    <tr style=\"text-align: right;\">\n",
       "      <th></th>\n",
       "      <th>FFMC</th>\n",
       "      <th>DMC</th>\n",
       "      <th>DC</th>\n",
       "      <th>ISI</th>\n",
       "      <th>temp</th>\n",
       "      <th>RH</th>\n",
       "      <th>wind</th>\n",
       "      <th>rain</th>\n",
       "      <th>area</th>\n",
       "      <th>log(area)</th>\n",
       "    </tr>\n",
       "  </thead>\n",
       "  <tbody>\n",
       "    <tr>\n",
       "      <th>FFMC</th>\n",
       "      <td>1.000000</td>\n",
       "      <td>0.382619</td>\n",
       "      <td>0.330512</td>\n",
       "      <td>0.531805</td>\n",
       "      <td>0.431532</td>\n",
       "      <td>-0.300995</td>\n",
       "      <td>-0.028485</td>\n",
       "      <td>0.056702</td>\n",
       "      <td>0.040122</td>\n",
       "      <td>0.046799</td>\n",
       "    </tr>\n",
       "    <tr>\n",
       "      <th>DMC</th>\n",
       "      <td>0.382619</td>\n",
       "      <td>1.000000</td>\n",
       "      <td>0.682192</td>\n",
       "      <td>0.305128</td>\n",
       "      <td>0.469594</td>\n",
       "      <td>0.073795</td>\n",
       "      <td>-0.105342</td>\n",
       "      <td>0.074790</td>\n",
       "      <td>0.072994</td>\n",
       "      <td>0.067153</td>\n",
       "    </tr>\n",
       "    <tr>\n",
       "      <th>DC</th>\n",
       "      <td>0.330512</td>\n",
       "      <td>0.682192</td>\n",
       "      <td>1.000000</td>\n",
       "      <td>0.229154</td>\n",
       "      <td>0.496208</td>\n",
       "      <td>-0.039192</td>\n",
       "      <td>-0.203466</td>\n",
       "      <td>0.035861</td>\n",
       "      <td>0.049383</td>\n",
       "      <td>0.066360</td>\n",
       "    </tr>\n",
       "    <tr>\n",
       "      <th>ISI</th>\n",
       "      <td>0.531805</td>\n",
       "      <td>0.305128</td>\n",
       "      <td>0.229154</td>\n",
       "      <td>1.000000</td>\n",
       "      <td>0.394287</td>\n",
       "      <td>-0.132517</td>\n",
       "      <td>0.106826</td>\n",
       "      <td>0.067668</td>\n",
       "      <td>0.008258</td>\n",
       "      <td>-0.010347</td>\n",
       "    </tr>\n",
       "    <tr>\n",
       "      <th>temp</th>\n",
       "      <td>0.431532</td>\n",
       "      <td>0.469594</td>\n",
       "      <td>0.496208</td>\n",
       "      <td>0.394287</td>\n",
       "      <td>1.000000</td>\n",
       "      <td>-0.527390</td>\n",
       "      <td>-0.227116</td>\n",
       "      <td>0.069491</td>\n",
       "      <td>0.097844</td>\n",
       "      <td>0.053487</td>\n",
       "    </tr>\n",
       "    <tr>\n",
       "      <th>RH</th>\n",
       "      <td>-0.300995</td>\n",
       "      <td>0.073795</td>\n",
       "      <td>-0.039192</td>\n",
       "      <td>-0.132517</td>\n",
       "      <td>-0.527390</td>\n",
       "      <td>1.000000</td>\n",
       "      <td>0.069410</td>\n",
       "      <td>0.099751</td>\n",
       "      <td>-0.075519</td>\n",
       "      <td>-0.053662</td>\n",
       "    </tr>\n",
       "    <tr>\n",
       "      <th>wind</th>\n",
       "      <td>-0.028485</td>\n",
       "      <td>-0.105342</td>\n",
       "      <td>-0.203466</td>\n",
       "      <td>0.106826</td>\n",
       "      <td>-0.227116</td>\n",
       "      <td>0.069410</td>\n",
       "      <td>1.000000</td>\n",
       "      <td>0.061119</td>\n",
       "      <td>0.012317</td>\n",
       "      <td>0.066973</td>\n",
       "    </tr>\n",
       "    <tr>\n",
       "      <th>rain</th>\n",
       "      <td>0.056702</td>\n",
       "      <td>0.074790</td>\n",
       "      <td>0.035861</td>\n",
       "      <td>0.067668</td>\n",
       "      <td>0.069491</td>\n",
       "      <td>0.099751</td>\n",
       "      <td>0.061119</td>\n",
       "      <td>1.000000</td>\n",
       "      <td>-0.007366</td>\n",
       "      <td>0.023311</td>\n",
       "    </tr>\n",
       "    <tr>\n",
       "      <th>area</th>\n",
       "      <td>0.040122</td>\n",
       "      <td>0.072994</td>\n",
       "      <td>0.049383</td>\n",
       "      <td>0.008258</td>\n",
       "      <td>0.097844</td>\n",
       "      <td>-0.075519</td>\n",
       "      <td>0.012317</td>\n",
       "      <td>-0.007366</td>\n",
       "      <td>1.000000</td>\n",
       "      <td>0.524134</td>\n",
       "    </tr>\n",
       "    <tr>\n",
       "      <th>log(area)</th>\n",
       "      <td>0.046799</td>\n",
       "      <td>0.067153</td>\n",
       "      <td>0.066360</td>\n",
       "      <td>-0.010347</td>\n",
       "      <td>0.053487</td>\n",
       "      <td>-0.053662</td>\n",
       "      <td>0.066973</td>\n",
       "      <td>0.023311</td>\n",
       "      <td>0.524134</td>\n",
       "      <td>1.000000</td>\n",
       "    </tr>\n",
       "  </tbody>\n",
       "</table>\n",
       "</div>"
      ],
      "text/plain": [
       "               FFMC       DMC        DC       ISI      temp        RH  \\\n",
       "FFMC       1.000000  0.382619  0.330512  0.531805  0.431532 -0.300995   \n",
       "DMC        0.382619  1.000000  0.682192  0.305128  0.469594  0.073795   \n",
       "DC         0.330512  0.682192  1.000000  0.229154  0.496208 -0.039192   \n",
       "ISI        0.531805  0.305128  0.229154  1.000000  0.394287 -0.132517   \n",
       "temp       0.431532  0.469594  0.496208  0.394287  1.000000 -0.527390   \n",
       "RH        -0.300995  0.073795 -0.039192 -0.132517 -0.527390  1.000000   \n",
       "wind      -0.028485 -0.105342 -0.203466  0.106826 -0.227116  0.069410   \n",
       "rain       0.056702  0.074790  0.035861  0.067668  0.069491  0.099751   \n",
       "area       0.040122  0.072994  0.049383  0.008258  0.097844 -0.075519   \n",
       "log(area)  0.046799  0.067153  0.066360 -0.010347  0.053487 -0.053662   \n",
       "\n",
       "               wind      rain      area  log(area)  \n",
       "FFMC      -0.028485  0.056702  0.040122   0.046799  \n",
       "DMC       -0.105342  0.074790  0.072994   0.067153  \n",
       "DC        -0.203466  0.035861  0.049383   0.066360  \n",
       "ISI        0.106826  0.067668  0.008258  -0.010347  \n",
       "temp      -0.227116  0.069491  0.097844   0.053487  \n",
       "RH         0.069410  0.099751 -0.075519  -0.053662  \n",
       "wind       1.000000  0.061119  0.012317   0.066973  \n",
       "rain       0.061119  1.000000 -0.007366   0.023311  \n",
       "area       0.012317 -0.007366  1.000000   0.524134  \n",
       "log(area)  0.066973  0.023311  0.524134   1.000000  "
      ]
     },
     "execution_count": 2,
     "metadata": {},
     "output_type": "execute_result"
    }
   ],
   "source": [
    "df[df.columns[4:-1]].corr()"
   ]
  },
  {
   "cell_type": "markdown",
   "metadata": {
    "collapsed": true
   },
   "source": [
    "Correlation coefficients are quite low all around. The highest any two predictors get in correlation is 0.68, which is still quite low in terms of colinearity. The highest correlation between the predictors and either area or log(area) is 0.098, which extremely low. "
   ]
  }
 ],
 "metadata": {
  "kernelspec": {
   "display_name": "Python 3",
   "language": "python",
   "name": "python3"
  },
  "language_info": {
   "codemirror_mode": {
    "name": "ipython",
    "version": 3
   },
   "file_extension": ".py",
   "mimetype": "text/x-python",
   "name": "python",
   "nbconvert_exporter": "python",
   "pygments_lexer": "ipython3",
   "version": "3.6.0"
  }
 },
 "nbformat": 4,
 "nbformat_minor": 2
}
